0
0
559
599
540
196
212
216
218
218
218
219
220
0
236
237
241
244
244
246
246
247
247
247
248
248
249
248
249
250
250
250
252
253
254
254
255
255
256
255
256
256
256
256
256
256
256
258
259
258
258
258
257
258
258
258
258
259
259
258
258
258
259
257
257
258
258
258
257
258
258
257
256
256
255
254
253
254
254
252
252
252
253
253
253
253
253
252
253
252
252
260
223
536
519
538
535
535
535
539
547
545
538
470
468
464
475
477
472
478
475
476
482
475
476
486
479
473
482
480
486
486
484
490
484
489
494
495
504
496
487
191
207
215
219
224
227
230
230
232
233
235
236
237
238
239
239
240
240
240
240
240
240
240
241
241
240
241
241
240
240
240
240
239
239
239
238
239
239
239
239
239
239
238
239
237
